
ModelName   Iter  None                      AltLex                    Macro AVG                 Weighted AVG
Baseline      M0  83.82  98.72  90.66  467  92.11  44.03  59.57  159  87.96  71.37  75.12  626  85.92  84.82  82.76  626
Baseline      M1  89.00  93.98  91.42  465  79.26  66.46  72.30  161  84.13  80.22  81.86  626  86.50  86.90  86.50  626
Baseline      M2  82.69  94.93  88.39  473  71.08  38.56  50.00  153  76.89  66.74  69.19  626  79.85  81.15  79.00  626
Baseline      M3  88.61  96.37  92.32  468  85.47  63.29  72.73  158  87.04  79.83  82.53  626  87.81  88.02  87.38  626
Baseline      M4  90.06  97.06  93.43  476  87.61  66.00  75.29  150  88.83  81.53  84.36  626  89.47  89.62  89.08  626
Baseline      M5  91.38  97.75  94.46  488  89.42  67.39  76.86  138  90.40  82.57  85.66  626  90.95  91.05  90.58  626
Baseline      M6  90.89  95.43  93.11  460  85.31  73.49  78.96  166  88.10  84.46  86.04  626  89.41  89.62  89.36  626
Baseline      M7  88.51  94.70  91.50  472  79.34  62.34  69.82  154  83.93  78.52  80.66  626  86.26  86.74  86.17  626
Baseline      M8  91.36  95.88  93.56  485  82.91  68.79  75.19  141  87.13  82.34  84.38  626  89.45  89.78  89.42  626
Baseline      M9  84.19  97.03  90.16  472  82.93  44.16  57.63  154  83.56  70.59  73.89  626  83.88  84.03  82.15  626
No-Fine-Sense M0  85.98  98.50  91.82  467  92.31  52.83  67.20  159  89.14  75.67  79.51  626  87.59  86.90  85.56  626
No-Fine-Sense M1  81.60  96.34  88.36  465  77.92  37.27  50.42  161  79.76  66.81  69.39  626  80.66  81.15  78.60  626
No-Fine-Sense M2  87.91  96.83  92.15  473  85.71  58.82  69.77  153  86.81  77.83  80.96  626  87.37  87.54  86.68  626
No-Fine-Sense M3  85.77  97.86  91.42  468  89.13  51.90  65.60  158  87.45  74.88  78.51  626  86.62  86.26  84.90  626
No-Fine-Sense M4  89.08  97.69  93.19  476  89.42  62.00  73.23  150  89.25  79.84  83.21  626  89.16  89.14  88.40  626
No-Fine-Sense M5  85.03  97.75  90.94  488  83.08  39.13  53.20  138  84.05  68.44  72.07  626  84.60  84.82  82.62  626
No-Fine-Sense M6  83.86  98.26  90.49  460  90.80  47.59  62.45  166  87.33  72.93  76.47  626  85.70  84.82  83.05  626
No-Fine-Sense M7  89.46  95.34  92.31  472  82.11  65.58  72.92  154  85.79  80.46  82.62  626  87.66  88.02  87.54  626
No-Fine-Sense M8  88.33  98.35  93.07  485  90.70  55.32  68.72  141  89.52  76.83  80.90  626  88.87  88.66  87.59  626
No-Fine-Sense M9  84.92  96.61  90.39  472  82.02  47.40  60.08  154  83.47  72.01  75.23  626  84.20  84.50  82.93  626
No-Sense      M0  86.71  96.36  91.28  467  84.11  56.60  67.67  159  85.41  76.48  79.47  626  86.05  86.26  85.28  626
No-Sense      M1  82.60  96.99  89.22  465  82.50  40.99  54.77  161  82.55  68.99  72.00  626  82.57  82.59  80.36  626
No-Sense      M2  91.60  96.83  94.14  473  88.10  72.55  79.57  153  89.85  84.69  86.86  626  90.74  90.89  90.58  626
No-Sense      M3  85.31  96.79  90.69  468  84.21  50.63  63.24  158  84.76  73.71  76.97  626  85.03  85.14  83.76  626
No-Sense      M4  87.90  97.69  92.54  476  88.66  57.33  69.64  150  88.28  77.51  81.09  626  88.08  88.02  87.05  626
No-Sense      M5  90.84  97.54  94.07  488  88.24  65.22  75.00  138  89.54  81.38  84.54  626  90.27  90.42  89.87  626
No-Sense      M6  84.18  97.17  90.21  460  86.32  49.40  62.84  166  85.25  73.29  76.52  626  84.75  84.50  82.95  626
No-Sense      M7  86.78  95.97  91.15  472  81.73  55.19  65.89  154  84.26  75.58  78.52  626  85.54  85.94  84.93  626
No-Sense      M8  89.59  94.02  91.75  485  75.21  62.41  68.22  141  82.40  78.22  79.98  626  86.35  86.90  86.45  626
No-Sense      M9  87.74  98.52  92.81  472  92.71  57.79  71.20  154  90.22  78.15  82.01  626  88.96  88.50  87.50  626
No-Sampling   M0  91.78  98.86  95.19  1051  83.10  38.82  52.91  152  87.44  68.84  74.05  1203  90.69  91.27  89.85  1203
No-Sampling   M1  91.64  99.25  95.29  1060  85.45  32.87  47.47  143  88.55  66.06  71.38  1203  90.90  91.35  89.61  1203
No-Sampling   M2  93.35  97.71  95.48  1049  77.14  52.60  62.55  154  85.25  75.15  79.02  1203  91.28  91.94  91.27  1203
No-Sampling   M3  93.13  98.38  95.68  1047  82.47  51.28  63.24  156  87.80  74.83  79.46  1203  91.75  92.27  91.47  1203
No-Sampling   M4  91.49  99.15  95.17  1063  82.35  30.00  43.98  140  86.92  64.58  69.57  1203  90.43  91.11  89.21  1203
No-Sampling   M5  92.40  98.85  95.52  1045  85.88  46.20  60.08  158  89.14  72.53  77.80  1203  91.54  91.94  90.86  1203
No-Sampling   M6  92.26  98.46  95.26  1041  82.61  46.91  59.84  162  87.43  72.69  77.55  1203  90.96  91.52  90.49  1203
No-Sampling   M7  93.23  98.60  95.84  1075  77.27  39.84  52.58  128  85.25  69.22  74.21  1203  91.53  92.35  91.24  1203
No-Sampling   M8  92.71  99.05  95.78  1053  87.18  45.33  59.65  150  89.95  72.19  77.71  1203  92.02  92.35  91.27  1203
No-Sampling   M9  92.19  98.96  95.45  1061  82.81  37.32  51.46  142  87.50  68.14  73.46  1203  91.08  91.69  90.26  1203


Baseline       92.11  44.03  59.57
Baseline       79.26  66.46  72.30
Baseline       71.08  38.56  50.00
Baseline       85.47  63.29  72.73
Baseline       87.61  66.00  75.29
Baseline       89.42  67.39  76.86
Baseline       85.31  73.49  78.96
Baseline       79.34  62.34  69.82
Baseline       82.91  68.79  75.19
Baseline       82.93  44.16  57.63
No-Fine-Sense  92.31  52.83  67.20
No-Fine-Sense  77.92  37.27  50.42
No-Fine-Sense  85.71  58.82  69.77
No-Fine-Sense  89.13  51.90  65.60
No-Fine-Sense  89.42  62.00  73.23
No-Fine-Sense  83.08  39.13  53.20
No-Fine-Sense  90.80  47.59  62.45
No-Fine-Sense  82.11  65.58  72.92
No-Fine-Sense  90.70  55.32  68.72
No-Fine-Sense  82.02  47.40  60.08
No-Sense       84.11  56.60  67.67
No-Sense       82.50  40.99  54.77
No-Sense       88.10  72.55  79.57
No-Sense       84.21  50.63  63.24
No-Sense       88.66  57.33  69.64
No-Sense       88.24  65.22  75.00
No-Sense       86.32  49.40  62.84
No-Sense       81.73  55.19  65.89
No-Sense       75.21  62.41  68.22
No-Sense       92.71  57.79  71.20
No-Sampling    83.10  38.82  52.91
No-Sampling    85.45  32.87  47.47
No-Sampling    77.14  52.60  62.55
No-Sampling    82.47  51.28  63.24
No-Sampling    82.35  30.00  43.98
No-Sampling    85.88  46.20  60.08
No-Sampling    82.61  46.91  59.84
No-Sampling    77.27  39.84  52.58
No-Sampling    87.18  45.33  59.65
No-Sampling    82.81  37.32  51.46

Baseline 	    &  85.80 (3.86)  &  77.82 (6.03)  &  80.37 (5.71)  &  86.95 (3.28)  &  87.17 (3.10)  &  86.24 (3.79)  \\
No-Fine-Sense 	&  86.26 (3.09)  &  74.57 (4.55)  &  77.89 (4.56)  &  86.24 (2.56)  &  86.18 (2.42)  &  84.79 (3.02)  \\
No-Sampling 	&  87.52 (1.50)  &  70.42 (3.60)  &  75.42 (3.37)  &  91.22 (0.50)  &  91.78 (0.46)  &  90.55 (0.80)  \\
No-Sense 	    &  86.25 (2.98)  &  76.80 (4.37)  &  79.80 (4.22)  &  86.83 (2.61)  &  86.92 (2.60)  &  85.87 (3.11)  \\

Baseline       &  83.54 (5.99)  &  59.45 (12.34)  &  68.84 (9.68) \\
No-Fine-Sense  &  86.32 (4.83)  &  51.78  (9.22)  &  64.36 (7.82) \\
No-Sampling    &  82.63 (3.31)  &  42.12  (7.57)  &  55.38 (6.63) \\
No-Sense       &  85.18 (4.81)  &  56.81  (8.80)  &  67.80 (6.87) \\