Downsampling negative paragraphs by ratio X

== Final MEAN Performance 0.0
B-ALTLEX         58.63 ( 2.90)   37.38 ( 0.00)   45.62 ( 0.88)
I-ALTLEX         55.95 ( 1.76)   33.40 ( 1.65)   41.78 ( 1.23)
O                99.77 ( 0.00)   99.90 ( 0.01)   99.84 ( 0.00)
S-ALTLEX         69.29 ( 2.79)   54.72 ( 2.08)   61.08 ( 1.19)
macro avg        70.91 ( 1.58)   56.35 ( 0.88)   62.08 ( 0.82)
weighted avg     99.61 ( 0.01)   99.67 ( 0.01)   99.63 ( 0.01)
Full-strong      39.37 ( 1.29)   35.68 ( 1.83)   37.42 ( 1.44)
Full-soft        42.63 ( 1.94)   38.61 ( 1.94)   40.51 ( 1.76)


== Final MEAN Performance 0.2
B-ALTLEX         59.35 ( 2.33)   33.98 ( 1.37)   43.15 ( 0.45)
I-ALTLEX         58.32 ( 4.61)   27.65 ( 1.21)   37.40 ( 0.72)
O                99.75 ( 0.00)   99.92 ( 0.01)   99.84 ( 0.01)
S-ALTLEX         72.69 ( 0.66)   54.72 ( 0.79)   62.44 ( 0.76)
macro avg        72.53 ( 1.81)   54.07 ( 0.42)   60.71 ( 0.06)
weighted avg     99.61 ( 0.01)   99.67 ( 0.01)   99.62 ( 0.01)
Full-strong      40.96 ( 2.54)   33.14 ( 0.24)   36.60 ( 0.95)
Full-soft        44.54 ( 2.05)   36.07 ( 0.83)   39.82 ( 0.46)

== Final MEAN Performance 0.4
B-ALTLEX         54.72 ( 1.92)   34.79 ( 3.55)   42.49 ( 3.20)
I-ALTLEX         50.54 ( 2.77)   28.60 ( 0.94)   36.51 ( 1.38)
O                99.76 ( 0.01)   99.90 ( 0.01)   99.83 ( 0.00)
S-ALTLEX         66.11 ( 1.67)   55.56 ( 3.22)   60.29 ( 1.46)
macro avg        67.78 ( 1.23)   54.71 ( 1.91)   59.78 ( 1.49)
weighted avg     99.59 ( 0.01)   99.65 ( 0.01)   99.61 ( 0.01)
Full-strong      35.78 ( 1.15)   33.63 ( 1.59)   34.63 ( 0.74)
Full-soft        39.14 ( 1.65)   36.75 ( 1.40)   37.87 ( 0.75)

== Final MEAN Performance 0.6
B-ALTLEX         51.86 ( 0.58)   34.14 ( 0.46)   41.17 ( 0.16)
I-ALTLEX         44.95 ( 0.53)   26.07 ( 2.25)   32.96 ( 1.92)
O                99.75 ( 0.01)   99.89 ( 0.00)   99.82 ( 0.00)
S-ALTLEX         66.06 ( 4.39)   53.33 ( 0.68)   58.94 ( 1.64)
macro avg        65.65 ( 1.12)   53.36 ( 0.61)   58.22 ( 0.92)
weighted avg     99.56 ( 0.01)   99.63 ( 0.00)   99.59 ( 0.01)
Full-strong      33.20 ( 1.89)   32.55 ( 1.33)   32.87 ( 1.61)
Full-soft        36.49 ( 2.10)   35.78 ( 1.50)   36.13 ( 1.79)

== Final MEAN Performance 0.8
B-ALTLEX         41.28 ( 3.42)   37.70 ( 2.32)   39.32 ( 2.12)
I-ALTLEX         36.69 ( 1.83)   29.17 ( 1.70)   32.47 ( 1.50)
O                99.76 ( 0.01)   99.81 ( 0.02)   99.79 ( 0.01)
S-ALTLEX         53.81 ( 0.19)   56.94 ( 0.39)   55.33 ( 0.24)
macro avg        57.88 ( 1.32)   55.91 ( 1.01)   56.73 ( 0.95)
weighted avg     99.54 ( 0.01)   99.57 ( 0.02)   99.55 ( 0.01)
Full-strong      25.65 ( 1.51)   35.19 ( 1.50)   29.66 ( 1.43)
Full-soft        28.23 ( 1.65)   38.71 ( 1.24)   32.63 ( 1.45)

== Final MEAN Performance 1.0
B-ALTLEX         22.27 ( 1.31)   39.32 ( 6.88)   28.07 ( 1.02)
I-ALTLEX         20.50 ( 0.48)   22.79 ( 4.72)   21.39 ( 2.41)
O                99.75 ( 0.02)   99.63 ( 0.08)   99.69 ( 0.03)
S-ALTLEX         39.37 ( 3.88)   60.83 ( 2.97)   47.56 ( 1.82)
macro avg        45.47 ( 1.17)   55.64 ( 3.59)   49.18 ( 0.40)
weighted avg     99.47 ( 0.02)   99.37 ( 0.06)   99.42 ( 0.02)
Full-strong      13.02 ( 0.40)   32.45 ( 4.37)   18.48 ( 0.36)
Full-soft        14.56 ( 0.47)   36.27 ( 4.84)   20.65 ( 0.37)

0.0  &  39.37 ( 1.29)  &  35.68 ( 1.83)  &  37.42 ( 1.44)  \\
0.0  &  40.96 ( 2.54)  &  33.14 ( 0.24)  &  36.60 ( 0.95)  \\
0.0  &  35.78 ( 1.15)  &  33.63 ( 1.59)  &  34.63 ( 0.74)  \\
0.0  &  33.20 ( 1.89)  &  32.55 ( 1.33)  &  32.87 ( 1.61)  \\
0.0  &  25.65 ( 1.51)  &  35.19 ( 1.50)  &  29.66 ( 1.43)  \\
0.0  &  13.02 ( 0.40)  &  32.45 ( 4.37)  &  18.48 ( 0.36)  \\



0.20652173913043478  0.4253731343283582  0.27804878048780485  0.17391304347826086  0.3582089552238806  0.23414634146341462
0.3626373626373626  0.6285714285714286  0.4599303135888501  0.3241758241758242  0.5619047619047619  0.41114982578397213
0.5502645502645502  0.6709677419354839  0.6046511627906977  0.5026455026455027  0.6129032258064516  0.5523255813953488
0.48863636363636365  0.48314606741573035  0.4858757062146893  0.4602272727272727  0.4550561797752809  0.4576271186440678
0.45161290322580644  0.6086956521739131  0.5185185185185185  0.39631336405529954  0.5341614906832298  0.45502645502645506
0.38207547169811323  0.5955882352941176  0.46551724137931033  0.3160377358490566  0.49264705882352944  0.3850574712643678
0.4375  0.5909090909090909  0.5027624309392266  0.40865384615384615  0.551948051948052  0.46961325966850825
0.2364217252396166  0.5034013605442177  0.3217391304347826  0.19488817891373802  0.41496598639455784  0.26521739130434785
0.4297872340425532  0.6644736842105263  0.5219638242894057  0.39148936170212767  0.6052631578947368  0.4754521963824289
0.4876847290640394  0.5963855421686747  0.5365853658536585  0.45320197044334976  0.5542168674698795  0.49864498644986444

0.36813186813186816  0.5  0.42405063291139244  0.33516483516483514  0.4552238805970149  0.3860759493670886
0.4114285714285714  0.6857142857142857  0.5142857142857142  0.37714285714285717  0.6285714285714286  0.4714285714285714
0.453781512605042  0.6967741935483871  0.549618320610687  0.4327731092436975  0.6645161290322581  0.5241730279898219
0.3713235294117647  0.5674157303370787  0.44888888888888895  0.3382352941176471  0.5168539325842697  0.4088888888888889
0.4155251141552511  0.5652173913043478  0.4789473684210526  0.3926940639269406  0.5341614906832298  0.45263157894736844
0.3717948717948718  0.6397058823529411  0.47027027027027024  0.3418803418803419  0.5882352941176471  0.43243243243243246
0.3592592592592593  0.6298701298701299  0.45754716981132076  0.34074074074074073  0.5974025974025974  0.43396226415094336
0.302491103202847  0.5782312925170068  0.397196261682243  0.28113879003558717  0.5374149659863946  0.3691588785046729
0.3985239852398524  0.7105263157894737  0.5106382978723405  0.35424354243542433  0.631578947368421  0.4539007092198581
0.41472868217054265  0.6445783132530121  0.5047169811320755  0.3643410852713178  0.5662650602409639  0.44339622641509435

0.3444976076555024  0.5373134328358209  0.4198250728862974  0.3062200956937799  0.47761194029850745  0.37317784256559766
0.3945945945945946  0.6952380952380952  0.503448275862069  0.35135135135135137  0.6190476190476191  0.4482758620689656
0.1531986531986532  0.5870967741935483  0.24299065420560748  0.13131313131313133  0.5032258064516129  0.20827770360480646
0.33653846153846156  0.5898876404494382  0.4285714285714286  0.2916666666666667  0.5112359550561798  0.37142857142857144
0.3482758620689655  0.6273291925465838  0.44789356984478934  0.3  0.5403726708074534  0.3858093126385809
0.376984126984127  0.6985294117647058  0.48969072164948446  0.3492063492063492  0.6470588235294118  0.4536082474226804
0.4158878504672897  0.577922077922078  0.483695652173913  0.37850467289719625  0.525974025974026  0.44021739130434784
0.19148936170212766  0.4897959183673469  0.2753346080305927  0.16489361702127658  0.4217687074829932  0.23709369024856594
0.4007352941176471  0.7171052631578947  0.5141509433962264  0.3602941176470588  0.6447368421052632  0.46226415094339623
0.4345991561181435  0.6204819277108434  0.511166253101737  0.379746835443038  0.5421686746987951  0.44665012406947896

0.3141592920353982  0.5298507462686567  0.3944444444444444  0.2743362831858407  0.4626865671641791  0.3444444444444444
0.3422222222222222  0.7333333333333333  0.46666666666666673  0.3111111111111111  0.6666666666666666  0.42424242424242425
0.3312302839116719  0.6774193548387096  0.4449152542372881  0.3028391167192429  0.6193548387096774  0.4067796610169492
0.3170731707317073  0.5842696629213483  0.4110671936758894  0.2896341463414634  0.5337078651685393  0.375494071146245
0.2683544303797468  0.6583850931677019  0.381294964028777  0.23037974683544304  0.5652173913043478  0.32733812949640284
0.23655913978494625  0.6470588235294118  0.3464566929133858  0.20967741935483872  0.5735294117647058  0.30708661417322836
0.29941860465116277  0.6688311688311688  0.41365461847389556  0.2761627906976744  0.6168831168831169  0.3815261044176707
0.2764505119453925  0.5510204081632653  0.36818181818181817  0.24573378839590443  0.4897959183673469  0.32727272727272727
0.3179190751445087  0.7236842105263158  0.44176706827309237  0.2861271676300578  0.6513157894736842  0.3975903614457832
0.3136645962732919  0.608433734939759  0.4139344262295082  0.2795031055900621  0.5421686746987951  0.3688524590163934

0.24188790560471976  0.6119402985074627  0.34672304439746304  0.20648967551622419  0.5223880597014925  0.29598308668076106
0.26143790849673204  0.7619047619047619  0.38929440389294406  0.22875816993464052  0.6666666666666666  0.34063260340632606
0.14887218045112782  0.6387096774193548  0.24146341463414633  0.1368421052631579  0.5870967741935483  0.22195121951219512
0.2892561983471074  0.5898876404494382  0.3881700554528651  0.25068870523415976  0.5112359550561798  0.33641404805914976
0.22113502935420742  0.7018633540372671  0.3363095238095237  0.20156555772994128  0.639751552795031  0.306547619047619
0.20425531914893616  0.7058823529411765  0.31683168316831684  0.18936170212765957  0.6544117647058824  0.29372937293729373
0.2413793103448276  0.7272727272727273  0.3624595469255663  0.23060344827586207  0.6948051948051948  0.34627831715210355
0.24233983286908078  0.5918367346938775  0.3438735177865613  0.22562674094707522  0.5510204081632653  0.3201581027667984
0.22810590631364563  0.7368421052631579  0.3483670295489892  0.1975560081466395  0.6381578947368421  0.30171073094867806
0.220675944333996  0.6686746987951807  0.3318385650224215  0.20079522862823063  0.608433734939759  0.30194319880418535

0.12438625204582651  0.5671641791044776  0.20402684563758386  0.10801963993453355  0.4925373134328358  0.17718120805369125
0.10684931506849316  0.7428571428571429  0.18682634730538925  0.0958904109589041  0.6666666666666666  0.16766467065868262
0.11526479750778816  0.7161290322580646  0.19856887298747763  0.10384215991692627  0.6451612903225806  0.17889087656529518
0.12470023980815348  0.5842696629213483  0.20553359683794467  0.1079136690647482  0.5056179775280899  0.17786561264822132
0.111  0.6894409937888198  0.19121447028423774  0.094  0.5838509316770186  0.16192937123169682
0.11176470588235295  0.6985294117647058  0.1926977687626775  0.10235294117647059  0.6397058823529411  0.17647058823529413
0.12931034482758622  0.6818181818181818  0.2173913043478261  0.11822660098522167  0.6233766233766234  0.1987577639751553
0.09720785935884178  0.6394557823129252  0.1687612208258528  0.08790072388831438  0.5782312925170068  0.1526032315978456
0.14007308160779536  0.756578947368421  0.23638232271325796  0.12545676004872108  0.6776315789473685  0.21171634121274413
0.08854166666666667  0.6144578313253012  0.15477996965098637  0.0763888888888889  0.5301204819277109  0.13353566009104703








0.0  &  36.22 (10.43)  &  51.41 (7.87)  &  42.04 (9.57)  \\
0.2  &  35.58 (3.81)  &  57.20 (5.96)  &  43.76 (4.17)  \\
0.4  &  30.13 (8.25)  &  54.33 (6.99)  &  38.27 (8.65)  \\
0.6  &  27.06 (3.06)  &  57.21 (6.37)  &  36.61 (3.65)  \\
0.8  &  20.68 (2.95)  &  60.74 (5.95)  &  30.65 (3.36)  \\
1.0  &  10.20 (1.36)  &  59.43 (6.35)  &  17.37 (2.09)  \\
